#
# The following table presents the data used to plot figures 16 & 17
# from the paper "The Star Formation History of the Solar Neighbourhood
# from the White Dwarf Luminosity Function", Rowell (2013) MNRAS 434, 1549-1564
#
#
# Columns:
# 1) Lookback time [yr]
# 2) Star formation rate [stars/yr/pc^3]   <-- only includes stars above 0.6 Solar masses (see paper)
# 3) One-sigma standard deviation on the star formation rate
#
#
4.65E7 0.00E0 0.00E0
4.65E7 2.64E-12 2.77E-13
1.76E8 2.64E-12 2.77E-13
1.76E8 1.52E-12 1.42E-13
3.06E8 1.52E-12 1.42E-13
3.06E8 2.82E-12 1.70E-13
4.35E8 2.82E-12 1.70E-13
4.35E8 1.86E-12 1.30E-13
5.65E8 1.86E-12 1.30E-13
5.65E8 1.08E-12 9.63E-14
6.94E8 1.08E-12 9.63E-14
6.94E8 1.15E-12 1.01E-13
8.24E8 1.15E-12 1.01E-13
8.24E8 1.31E-12 1.12E-13
9.53E8 1.31E-12 1.12E-13
9.53E8 1.45E-12 1.21E-13
1.08E9 1.45E-12 1.21E-13
1.08E9 1.47E-12 1.30E-13
1.21E9 1.47E-12 1.30E-13
1.21E9 1.42E-12 1.33E-13
1.34E9 1.42E-12 1.33E-13
1.34E9 1.61E-12 1.49E-13
1.47E9 1.61E-12 1.49E-13
1.47E9 1.84E-12 1.67E-13
1.60E9 1.84E-12 1.67E-13
1.60E9 1.80E-12 1.72E-13
1.73E9 1.80E-12 1.72E-13
1.73E9 1.80E-12 1.82E-13
1.86E9 1.80E-12 1.82E-13
1.86E9 1.80E-12 1.96E-13
1.99E9 1.80E-12 1.96E-13
1.99E9 1.72E-12 2.02E-13
2.12E9 1.72E-12 2.02E-13
2.12E9 1.64E-12 2.05E-13
2.25E9 1.64E-12 2.05E-13
2.25E9 1.67E-12 2.15E-13
2.38E9 1.67E-12 2.15E-13
2.38E9 1.71E-12 2.27E-13
2.51E9 1.71E-12 2.27E-13
2.51E9 1.61E-12 2.35E-13
2.64E9 1.61E-12 2.35E-13
2.64E9 1.60E-12 2.47E-13
2.77E9 1.60E-12 2.47E-13
2.77E9 1.61E-12 2.58E-13
2.90E9 1.61E-12 2.58E-13
2.90E9 1.55E-12 2.59E-13
3.03E9 1.55E-12 2.59E-13
3.03E9 1.48E-12 2.61E-13
3.16E9 1.48E-12 2.61E-13
3.16E9 1.38E-12 2.59E-13
3.28E9 1.38E-12 2.59E-13
3.28E9 1.44E-12 2.73E-13
3.41E9 1.44E-12 2.73E-13
3.41E9 1.35E-12 2.75E-13
3.54E9 1.35E-12 2.75E-13
3.54E9 1.38E-12 2.91E-13
3.67E9 1.38E-12 2.91E-13
3.67E9 1.35E-12 3.02E-13
3.80E9 1.35E-12 3.02E-13
3.80E9 1.26E-12 3.04E-13
3.93E9 1.26E-12 3.04E-13
3.93E9 1.23E-12 3.12E-13
4.06E9 1.23E-12 3.12E-13
4.06E9 1.17E-12 3.12E-13
4.19E9 1.17E-12 3.12E-13
4.19E9 1.13E-12 3.13E-13
4.32E9 1.13E-12 3.13E-13
4.32E9 1.13E-12 3.19E-13
4.45E9 1.13E-12 3.19E-13
4.45E9 1.07E-12 3.18E-13
4.58E9 1.07E-12 3.18E-13
4.58E9 1.02E-12 3.19E-13
4.71E9 1.02E-12 3.19E-13
4.71E9 1.00E-12 3.27E-13
4.84E9 1.00E-12 3.27E-13
4.84E9 9.12E-13 3.23E-13
4.97E9 9.12E-13 3.23E-13
4.97E9 9.49E-13 3.40E-13
5.10E9 9.49E-13 3.40E-13
5.10E9 9.22E-13 3.45E-13
5.23E9 9.22E-13 3.45E-13
5.23E9 8.67E-13 3.49E-13
5.36E9 8.67E-13 3.49E-13
5.36E9 8.61E-13 3.59E-13
5.49E9 8.61E-13 3.59E-13
5.49E9 8.30E-13 3.65E-13
5.62E9 8.30E-13 3.65E-13
5.62E9 8.40E-13 3.78E-13
5.75E9 8.40E-13 3.78E-13
5.75E9 8.04E-13 3.78E-13
5.88E9 8.04E-13 3.78E-13
5.88E9 8.39E-13 3.92E-13
6.01E9 8.39E-13 3.92E-13
6.01E9 8.08E-13 3.96E-13
6.13E9 8.08E-13 3.96E-13
6.13E9 8.57E-13 4.20E-13
6.26E9 8.57E-13 4.20E-13
6.26E9 8.90E-13 4.42E-13
6.39E9 8.90E-13 4.42E-13
6.39E9 8.96E-13 4.51E-13
6.52E9 8.96E-13 4.51E-13
6.52E9 9.41E-13 4.76E-13
6.65E9 9.41E-13 4.76E-13
6.65E9 9.82E-13 4.94E-13
6.78E9 9.82E-13 4.94E-13
6.78E9 1.07E-12 5.30E-13
6.91E9 1.07E-12 5.30E-13
6.91E9 1.10E-12 5.52E-13
7.04E9 1.10E-12 5.52E-13
7.04E9 1.11E-12 5.72E-13
7.17E9 1.11E-12 5.72E-13
7.17E9 1.16E-12 5.97E-13
7.30E9 1.16E-12 5.97E-13
7.30E9 1.16E-12 6.12E-13
7.43E9 1.16E-12 6.12E-13
7.43E9 1.18E-12 6.34E-13
7.56E9 1.18E-12 6.34E-13
7.56E9 1.22E-12 6.54E-13
7.69E9 1.22E-12 6.54E-13
7.69E9 1.17E-12 6.57E-13
7.82E9 1.17E-12 6.57E-13
7.82E9 1.23E-12 6.77E-13
7.95E9 1.23E-12 6.77E-13
7.95E9 1.20E-12 6.78E-13
8.08E9 1.20E-12 6.78E-13
8.08E9 1.26E-12 6.98E-13
8.21E9 1.26E-12 6.98E-13
8.21E9 1.23E-12 6.96E-13
8.34E9 1.23E-12 6.96E-13
8.34E9 1.28E-12 7.20E-13
8.47E9 1.28E-12 7.20E-13
8.47E9 1.24E-12 7.04E-13
8.60E9 1.24E-12 7.04E-13
8.60E9 1.24E-12 7.12E-13
8.73E9 1.24E-12 7.12E-13
8.73E9 1.23E-12 7.10E-13
8.85E9 1.23E-12 7.10E-13
8.85E9 1.23E-12 7.15E-13
8.98E9 1.23E-12 7.15E-13
8.98E9 1.26E-12 7.24E-13
9.11E9 1.26E-12 7.24E-13
9.11E9 1.25E-12 7.23E-13
9.24E9 1.25E-12 7.23E-13
9.24E9 1.19E-12 7.04E-13
9.37E9 1.19E-12 7.04E-13
9.37E9 1.22E-12 7.15E-13
9.50E9 1.22E-12 7.15E-13
9.50E9 1.20E-12 7.10E-13
9.63E9 1.20E-12 7.10E-13
9.63E9 1.17E-12 7.02E-13
9.76E9 1.17E-12 7.02E-13
9.76E9 1.11E-12 6.87E-13
9.89E9 1.11E-12 6.87E-13
9.89E9 1.06E-12 6.73E-13
1.00E10 1.06E-12 6.73E-13
1.00E10 1.03E-12 6.63E-13
1.02E10 1.03E-12 6.63E-13
1.02E10 9.45E-13 6.32E-13
1.03E10 9.45E-13 6.32E-13
1.03E10 8.98E-13 6.16E-13
1.04E10 8.98E-13 6.16E-13
1.04E10 7.99E-13 5.82E-13
1.05E10 7.99E-13 5.82E-13
1.05E10 6.86E-13 5.43E-13
1.07E10 6.86E-13 5.43E-13
1.07E10 5.91E-13 5.00E-13
1.08E10 5.91E-13 5.00E-13
1.08E10 5.24E-13 4.67E-13
1.09E10 5.24E-13 4.67E-13
1.09E10 4.21E-13 4.20E-13
1.11E10 4.21E-13 4.20E-13
1.11E10 3.40E-13 3.75E-13
1.12E10 3.40E-13 3.75E-13
1.12E10 2.79E-13 3.36E-13
1.13E10 2.79E-13 3.36E-13
1.13E10 2.17E-13 2.95E-13
1.14E10 2.17E-13 2.95E-13
1.14E10 1.72E-13 2.62E-13
1.16E10 1.72E-13 2.62E-13
1.16E10 1.36E-13 2.31E-13
1.17E10 1.36E-13 2.31E-13
1.17E10 9.73E-14 1.93E-13
1.18E10 9.73E-14 1.93E-13
1.18E10 7.71E-14 1.70E-13
1.20E10 7.71E-14 1.70E-13
1.20E10 5.73E-14 1.45E-13
1.21E10 5.73E-14 1.45E-13
1.21E10 4.51E-14 1.28E-13
1.22E10 4.51E-14 1.28E-13
1.22E10 3.58E-14 1.13E-13
1.24E10 3.58E-14 1.13E-13
1.24E10 3.21E-14 1.06E-13
1.25E10 3.21E-14 1.06E-13
1.25E10 2.76E-14 9.78E-14
1.26E10 2.76E-14 9.78E-14
1.26E10 2.31E-14 8.90E-14
1.27E10 2.31E-14 8.90E-14
1.27E10 1.98E-14 8.17E-14
1.29E10 1.98E-14 8.17E-14
1.29E10 1.86E-14 7.96E-14
1.30E10 1.86E-14 7.96E-14
1.30E10 0.00E0 0.00E0


# Integral = 0.013797036475043937 +/- 5.624629893547477E-4
