5.7983278674915155	3.19665573498303	2.5234137327288986E-6	4.554390329418115E-7
8.101375268695525	1.4094390674249908	3.386409767611672E-5	2.5260613612666216E-6
9.366314353504368	1.1204391021926927	9.52005558728381E-5	4.7403539186597695E-6
10.414469951292562	0.9758720933836962	1.5029797395156632E-4	6.3962697979326516E-6
11.3062385868948	0.8076651778207786	2.3005896130312095E-4	8.687899304564365E-6
12.02195150937633	0.62376066714228	3.6492593914016146E-4	1.2455458433411309E-5
12.5581037883821	0.4485438908692636	5.036294118029864E-4	1.743203551093522E-5
12.945294276860121	0.3258370860867803	6.121815973016873E-4	2.2333218281766324E-5
13.231062281570606	0.24569892333418863	7.119218802343801E-4	2.7740270354382475E-5
13.450638867279144	0.1934542480828867	7.967153883711373E-4	3.3067160373368055E-5
13.62506075542467	0.15538952820816654	9.372145924373358E-4	4.005815740595391E-5
13.767994541118878	0.13047804318024703	0.0010804709196517576	4.680300056382892E-5
13.890510971524659	0.11455481763131381	0.0011940537781602943	5.259129898979083E-5
13.9982678494803	0.10095893827997138	0.001334792733345037	5.919525720667277E-5
14.093362683178903	0.08923072911723473	0.0013835273228700797	6.413906395171758E-5
14.179297194114927	0.08263829275480994	0.001350647473463142	6.57147546617559E-5
14.260546564931014	0.07986044887736554	0.0013889751264473942	6.859877018976844E-5
14.338820074663392	0.07668657058738937	0.0014215461612129988	7.08169060916043E-5
14.413717438533052	0.07310815715193364	0.0014715625311582867	7.353554252094331E-5
14.487349859330635	0.07415668444323131	0.0015355074169632816	7.437741221191325E-5
14.562108186125206	0.07535996914591081	0.0016625231452839775	7.679106288414032E-5
14.638496251971388	0.07741616254645223	0.0017422852213366587	7.739816492898774E-5
14.717733747033492	0.0810588275777544	0.0018521563790250745	7.792223981774957E-5
14.80088687139553	0.08524742114632211	0.002025200256563798	7.942007730487596E-5
14.888464744647312	0.08990832535724103	0.0020277684427471845	7.744200034706459E-5
14.98091811972959	0.09499842480731857	0.0017934931978038592	7.093498548952662E-5
15.07835910564366	0.09988354702081814	0.0015934531500553194	6.572193003921097E-5
15.180862317700917	0.10512287709369872	0.0013225908173733808	5.91329990014375E-5
15.289279713971359	0.1117119154471844	9.722677749168767E-4	5.10721561820997E-5
15.4017947283768	0.11331811336369846	7.298879108902573E-4	4.734545571980818E-5
15.516157256097966	0.11540694207863211	6.049410643759319E-4	4.6134572121140796E-5
15.632314026201996	0.11690659812942883	4.032578623835268E-4	3.994823830049539E-5
15.75040348208243	0.11927231363143953	2.3815540523083802E-4	3.277611683619296E-5
15.871853313036045	0.1236273482757877	1.2881128705599543E-4	2.5483818339705763E-5
15.996730152706082	0.12612633106428994	8.84325956475346E-5	2.335248414482386E-5
16.127868664622532	0.1361506927686058	4.4611564703117414E-5	1.7469326505227807E-5
16.273015409632308	0.1541427972509446	3.757578258285552E-5	1.596991423162411E-5
16.429432747208693	0.15869187790183403	1.701714931102356E-5	1.1973516183225222E-5
16.58812462511053	0.15869187790183759	2.6091286902549625E-5	1.7252637316041528E-5
16.74681650301237	0.15869187790183403	4.1655167161841505E-5	2.219289987359039E-5
16.905508380914203	0.15869187790183759	3.137628758242434E-5	2.436611565704898E-5
17.064200258816037	0.15869187790183403	1.0471121490641471E-5	1.256870665127996E-5
17.222892136717874	0.15869187790183759	1.6664231049062622E-5	1.81855598439911E-5
17.540275892521546	0.15869187790183759	8.376157521258236E-7	5.9229872085316945E-6
17.69896777042338	0.15869187790183403	4.4356929579472534E-5	4.506602837851485E-5
